6.378446306501116270e-02
1.913533891950334742e-01
3.189223153250557719e-01
4.464912414550781250e-01
5.740601675851004781e-01
7.016290937151228313e-01
8.291980198451450734e-01
9.567669459751674266e-01
1.084335872105189669e+00
1.211904798235212244e+00
1.339473724365234375e+00
1.467042650495256728e+00
1.594611576625279081e+00
1.722180502755301212e+00
1.849749428885323788e+00
1.977318355015345919e+00
2.104887281145368050e+00
2.232456207275390625e+00
2.360025133405413200e+00
2.487594059535435331e+00
2.615162985665457462e+00
2.742731911795480038e+00
2.870300837925502613e+00
2.997869764055524300e+00
3.125438690185546875e+00
3.253007616315569450e+00
3.380576542445591581e+00
3.508145468575613712e+00
3.635714394705636288e+00
3.763283320835658863e+00
3.890852246965680994e+00
4.018421173095703125e+00
4.145990099225725700e+00
4.273559025355748275e+00
4.401127951485769962e+00
4.528696877615792538e+00
4.656265803745815113e+00
4.783834729875836800e+00
4.911403656005859375e+00
5.038972582135881950e+00
5.166541508265904525e+00
5.294110434395926212e+00
5.421679360525948788e+00
5.549248286655971363e+00
5.676817212785993050e+00
5.804386138916015625e+00
5.931955065046038200e+00
6.059523991176060775e+00
6.187092917306082462e+00
6.314661843436105038e+00
6.442230769566127613e+00
6.569799695696149300e+00
6.697368621826171875e+00
6.824937547956194450e+00
6.952506474086217025e+00
7.080075400216239601e+00
7.207644326346261288e+00
7.335213252476283863e+00
7.462782178606305550e+00
7.590351104736328125e+00
7.717920030866350700e+00
7.845488956996373275e+00
7.973057883126395851e+00
8.100626809256418426e+00
8.228195735386439225e+00
8.355764661516463576e+00
8.483333587646484375e+00
8.610902513776506950e+00
8.738471439906529525e+00
8.866040366036550324e+00
8.993609292166574676e+00
9.121178218296595475e+00
9.248747144426619826e+00
9.376316070556640625e+00
9.503884996686663200e+00
9.631453922816685775e+00
9.759022848946706574e+00
9.886591775076730926e+00
1.001416070120675172e+01
1.014172962733677608e+01
1.026929855346679688e+01
1.039686747959681945e+01
1.052443640572684203e+01
1.065200533185686282e+01
1.077957425798688718e+01
1.090714318411690797e+01
1.103471211024693233e+01
1.116228103637695312e+01
1.128984996250697570e+01
1.141741888863699828e+01
1.154498781476701907e+01
1.167255674089704343e+01
1.180012566702706422e+01
1.192769459315708858e+01
1.205526351928710938e+01
1.218283244541713195e+01
1.231040137154715453e+01
1.243797029767717532e+01
1.256553922380719968e+01
1.269310814993722047e+01
1.282067707606724483e+01
1.294824600219726562e+01
1.307581492832728998e+01
1.320338385445731078e+01
1.333095278058733157e+01
1.345852170671735593e+01
1.358609063284737672e+01
1.371365955897740108e+01
1.384122848510742188e+01
1.396879741123744623e+01
1.409636633736746703e+01
1.422393526349748782e+01
1.435150418962751218e+01
1.447907311575753297e+01
1.460664204188755733e+01
1.473421096801757812e+01
1.486177989414760248e+01
1.498934882027762328e+01
1.511691774640764407e+01
1.524448667253766843e+01
1.537205559866768922e+01
1.549962452479771358e+01
1.562719345092773438e+01
1.575476237705775873e+01
1.588233130318777953e+01
1.600990022931780032e+01
1.613746915544782468e+01
1.626503808157784903e+01
1.639260700770786627e+01
1.652017593383789062e+01
1.664774485996791498e+01
1.677531378609793578e+01
1.690288271222795657e+01
1.703045163835798093e+01
1.715802056448800528e+01
1.728558949061802252e+01
1.741315841674804688e+01
1.754072734287807123e+01
1.766829626900809203e+01
1.779586519513811282e+01
1.792343412126813718e+01
1.805100304739816153e+01
1.817857197352817877e+01
1.830614089965820312e+01
1.843370982578822748e+01
1.856127875191824828e+01
1.868884767804826907e+01
1.881641660417829343e+01
1.894398553030831778e+01
1.907155445643833502e+01
1.919912338256835938e+01
1.932669230869838373e+01
1.945426123482840453e+01
1.958183016095842532e+01
1.970939908708844968e+01
1.983696801321847403e+01
1.996453693934849127e+01
2.009210586547851562e+01
2.021967479160853998e+01
2.034724371773856078e+01
2.047481264386858157e+01
2.060238156999860593e+01
2.072995049612863028e+01
2.085751942225864752e+01
2.098508834838867188e+01
2.111265727451869623e+01
2.124022620064871703e+01
2.136779512677873782e+01
2.149536405290876218e+01
2.162293297903878653e+01
2.175050190516880377e+01
2.187807083129882812e+01
2.200563975742885248e+01
2.213320868355887328e+01
2.226077760968889407e+01
2.238834653581891843e+01
2.251591546194894278e+01
2.264348438807896002e+01
2.277105331420898438e+01
2.289862224033900873e+01
2.302619116646902953e+01
2.315376009259905032e+01
2.328132901872907468e+01
2.340889794485909903e+01
2.353646687098911627e+01
2.366403579711914062e+01
2.379160472324916498e+01
2.391917364937918578e+01
2.404674257550920657e+01
2.417431150163923093e+01
2.430188042776925528e+01
2.442944935389927252e+01
2.455701828002929688e+01
2.468458720615932123e+01
2.481215613228934203e+01
2.493972505841936282e+01
2.506729398454938718e+01
2.519486291067941153e+01
2.532243183680943233e+01
2.545000076293945312e+01
2.557756968906947748e+01
2.570513861519949828e+01
2.583270754132951907e+01
2.596027646745954343e+01
2.608784539358956778e+01
2.621541431971958858e+01
2.634298324584960938e+01
2.647055217197963373e+01
2.659812109810965453e+01
2.672569002423967532e+01
2.685325895036969968e+01
2.698082787649972403e+01
2.710839680262974483e+01
2.723596572875976562e+01
2.736353465488978998e+01
2.749110358101981078e+01
2.761867250714983157e+01
2.774624143327985593e+01
2.787381035940988028e+01
2.800137928553990108e+01
2.812894821166992188e+01
2.825651713779994623e+01
2.838408606392996703e+01
2.851165499005998782e+01
2.863922391619001218e+01
2.876679284232003653e+01
2.889436176845005733e+01
2.902193069458007812e+01
2.914949962071010248e+01
2.927706854684012328e+01
2.940463747297014407e+01
2.953220639910016843e+01
2.965977532523019278e+01
2.978734425136021358e+01
2.991491317749023438e+01
3.004248210362025873e+01
3.017005102975027953e+01
3.029761995588030032e+01
3.042518888201032468e+01
3.055275780814034903e+01
3.068032673427036983e+01
3.080789566040039062e+01
3.093546458653041498e+01
3.106303351266043578e+01
3.119060243879045657e+01
3.131817136492048093e+01
3.144574029105050528e+01
3.157330921718052608e+01
3.170087814331054688e+01
3.182844706944057123e+01
3.195601599557058847e+01
3.208358492170061282e+01
3.221115384783063718e+01
3.233872277396066153e+01
3.246629170009067877e+01
3.259386062622070312e+01
3.272142955235072748e+01
3.284899847848075183e+01
3.297656740461076907e+01
3.310413633074079343e+01
3.323170525687081778e+01
3.335927418300083502e+01
3.348684310913085938e+01
3.361441203526088373e+01
3.374198096139090808e+01
3.386954988752092532e+01
3.399711881365094968e+01
3.412468773978097403e+01
3.425225666591099127e+01
3.437982559204101562e+01
3.450739451817103998e+01
3.463496344430106433e+01
3.476253237043108157e+01
3.489010129656110593e+01
3.501767022269113028e+01
3.514523914882114752e+01
3.527280807495117188e+01
3.540037700108119623e+01
3.552794592721122058e+01
3.565551485334123782e+01
3.578308377947126218e+01
3.591065270560128653e+01
3.603822163173130377e+01
3.616579055786132812e+01
3.629335948399135248e+01
3.642092841012137683e+01
3.654849733625139407e+01
3.667606626238141843e+01
3.680363518851144278e+01
3.693120411464146002e+01
3.705877304077148438e+01
3.718634196690150873e+01
3.731391089303153308e+01
3.744147981916155032e+01
3.756904874529157468e+01
3.769661767142159903e+01
3.782418659755161627e+01
3.795175552368164062e+01
3.807932444981166498e+01
3.820689337594168933e+01
3.833446230207170657e+01
3.846203122820173093e+01
3.858960015433175528e+01
3.871716908046177252e+01
3.884473800659179688e+01
3.897230693272182123e+01
3.909987585885184558e+01
3.922744478498186282e+01
3.935501371111188718e+01
3.948258263724191153e+01
3.961015156337192877e+01
3.973772048950195312e+01
3.986528941563197748e+01
3.999285834176200183e+01
4.012042726789201907e+01
4.024799619402204343e+01
4.037556512015206778e+01
4.050313404628208502e+01
4.063070297241210938e+01
4.075827189854213373e+01
4.088584082467215808e+01
4.101340975080217532e+01
4.114097867693219968e+01
4.126854760306222403e+01
4.139611652919224127e+01
4.152368545532226562e+01
4.165125438145228998e+01
4.177882330758231433e+01
4.190639223371233157e+01
4.203396115984235593e+01
4.216153008597238028e+01
4.228909901210239752e+01
4.241666793823242188e+01
4.254423686436244623e+01
4.267180579049247058e+01
4.279937471662248782e+01
4.292694364275251218e+01
4.305451256888253653e+01
4.318208149501255377e+01
4.330965042114257812e+01
4.343721934727260248e+01
4.356478827340262683e+01
4.369235719953264407e+01
4.381992612566266843e+01
4.394749505179269278e+01
4.407506397792271002e+01
4.420263290405273438e+01
4.433020183018275873e+01
4.445777075631278308e+01
4.458533968244280032e+01
4.471290860857282468e+01
4.484047753470284903e+01
4.496804646083286627e+01
4.509561538696289062e+01
4.522318431309291498e+01
4.535075323922293933e+01
4.547832216535295657e+01
4.560589109148298093e+01
4.573346001761300528e+01
4.586102894374302252e+01
4.598859786987304688e+01
4.611616679600307123e+01
4.624373572213309558e+01
4.637130464826311282e+01
4.649887357439313718e+01
4.662644250052316153e+01
4.675401142665317877e+01
4.688158035278320312e+01
4.700914927891322748e+01
4.713671820504325183e+01
4.726428713117326907e+01
4.739185605730329343e+01
4.751942498343331778e+01
4.764699390956333502e+01
4.777456283569335938e+01
4.790213176182338373e+01
4.802970068795340808e+01
4.815726961408342532e+01
4.828483854021344968e+01
4.841240746634347403e+01
4.853997639247349127e+01
4.866754531860351562e+01
4.879511424473353998e+01
4.892268317086356433e+01
4.905025209699358157e+01
4.917782102312360593e+01
4.930538994925363028e+01
4.943295887538364752e+01
4.956052780151367188e+01
4.968809672764369623e+01
4.981566565377372058e+01
4.994323457990374493e+01
5.007080350603376218e+01
5.019837243216378653e+01
5.032594135829380377e+01
5.045351028442382812e+01
5.058107921055385248e+01
5.070864813668387683e+01
5.083621706281390118e+01
