1.401002544508243297e-01
4.203007633524730169e-01
7.005012722541217318e-01
9.807017811557703357e-01
1.260902290057418940e+00
1.541102798959067766e+00
1.821303307860716370e+00
2.101503816762364973e+00
2.381704325664013577e+00
2.661904834565662181e+00
2.942105343467310785e+00
3.222305852368959833e+00
3.502506361270608437e+00
3.782706870172257041e+00
4.062907379073905645e+00
4.343107887975554249e+00
4.623308396877202853e+00
4.903508905778851457e+00
5.183709414680500061e+00
5.463909923582148664e+00
5.744110432483797268e+00
6.024310941385445872e+00
6.304511450287094476e+00
6.584711959188743080e+00
6.864912468090392572e+00
7.145112976992041176e+00
7.425313485893689780e+00
7.705513994795338384e+00
7.985714503696986988e+00
8.265915012598636480e+00
8.546115521500283307e+00
8.826316030401933688e+00
9.106516539303580515e+00
9.386717048205230896e+00
9.666917557106877723e+00
9.947118066008528103e+00
1.022731857491017493e+01
1.050751908381182531e+01
1.078771959271347214e+01
1.106792010161512252e+01
1.134812061051676935e+01
1.162832111941841973e+01
1.190852162832006655e+01
1.218872213722171693e+01
1.246892264612336376e+01
1.274912315502501414e+01
1.302932366392666097e+01
1.330952417282831135e+01
1.358972468172996173e+01
1.386992519063160856e+01
1.415012569953325894e+01
1.443032620843490577e+01
1.471052671733655615e+01
1.499072722623820297e+01
1.527092773513985335e+01
1.555112824404150018e+01
1.583132875294315056e+01
1.611152926184479739e+01
1.639172977074644422e+01
1.667193027964809460e+01
1.695213078854974498e+01
1.723233129745139180e+01
1.751253180635303863e+01
1.779273231525468901e+01
1.807293282415633939e+01
1.835313333305798977e+01
1.863333384195963660e+01
1.891353435086128343e+01
1.919373485976293381e+01
1.947393536866458419e+01
1.975413587756623102e+01
2.003433638646787784e+01
2.031453689536952822e+01
2.059473740427117860e+01
2.087493791317282543e+01
2.115513842207447226e+01
2.143533893097612264e+01
2.171553943987777302e+01
2.199573994877941985e+01
2.227594045768106668e+01
2.255614096658271706e+01
2.283634147548436744e+01
2.311654198438601426e+01
2.339674249328766109e+01
2.367694300218931147e+01
2.395714351109096185e+01
2.423734401999260868e+01
2.451754452889425551e+01
2.479774503779590589e+01
2.507794554669755627e+01
2.535814605559920309e+01
2.563834656450084992e+01
2.591854707340250030e+01
2.619874758230415068e+01
2.647894809120579751e+01
2.675914860010744789e+01
2.703934910900909472e+01
2.731954961791074510e+01
2.759975012681239548e+01
2.787995063571404231e+01
2.816015114461568913e+01
2.844035165351733951e+01
2.872055216241898989e+01
2.900075267132063672e+01
2.928095318022228355e+01
2.956115368912393393e+01
2.984135419802558431e+01
3.012155470692723114e+01
3.040175521582887797e+01
3.068195572473052835e+01
3.096215623363217873e+01
3.124235674253382555e+01
3.152255725143547238e+01
3.180275776033712276e+01
3.208295826923877314e+01
3.236315877814041642e+01
3.264335928704207390e+01
3.292355979594371718e+01
3.320376030484536045e+01
3.348396081374701794e+01
3.376416132264866121e+01
3.404436183155031159e+01
3.432456234045196197e+01
3.460476284935360525e+01
3.488496335825526273e+01
3.516516386715690601e+01
3.544536437605854928e+01
3.572556488496020677e+01
3.600576539386185004e+01
3.628596590276350753e+01
3.656616641166515080e+01
3.684636692056679408e+01
3.712656742946845156e+01
3.740676793837009484e+01
3.768696844727174522e+01
3.796716895617339560e+01
3.824736946507503887e+01
3.852756997397669636e+01
3.880777048287833964e+01
3.908797099177998291e+01
3.936817150068164040e+01
3.964837200958328367e+01
3.992857251848493405e+01
4.020877302738658443e+01
4.048897353628822771e+01
4.076917404518988519e+01
4.104937455409152847e+01
4.132957506299317174e+01
4.160977557189482923e+01
4.188997608079647250e+01
4.217017658969812288e+01
4.245037709859977326e+01
4.273057760750141654e+01
4.301077811640307402e+01
4.329097862530471730e+01
4.357117913420636057e+01
4.385137964310801806e+01
4.413158015200966133e+01
4.441178066091131171e+01
4.469198116981296209e+01
4.497218167871460537e+01
4.525238218761626285e+01
4.553258269651790613e+01
4.581278320541955651e+01
4.609298371432120689e+01
4.637318422322285016e+01
4.665338473212450765e+01
4.693358524102615092e+01
4.721378574992779420e+01
4.749398625882945169e+01
4.777418676773109496e+01
4.805438727663274534e+01
4.833458778553439572e+01
4.861478829443603900e+01
4.889498880333769648e+01
4.917518931223933976e+01
4.945538982114098303e+01
4.973559033004264052e+01
5.001579083894428379e+01
5.029599134784593417e+01
5.057619185674758455e+01
5.085639236564922783e+01
5.113659287455088531e+01
5.141679338345252859e+01
5.169699389235417186e+01
5.197719440125582935e+01
5.225739491015747262e+01
5.253759541905912300e+01
5.281779592796077338e+01
5.309799643686241666e+01
5.337819694576407414e+01
5.365839745466571742e+01
5.393859796356736780e+01
5.421879847246901818e+01
5.449899898137066145e+01
5.477919949027231894e+01
5.505939999917396221e+01
5.533960050807560549e+01
5.561980101697726298e+01
5.590000152587890625e+01
5.618020203478055663e+01
5.646040254368220701e+01
5.674060305258385029e+01
5.702080356148550777e+01
5.730100407038715105e+01
5.758120457928879432e+01
5.786140508819045181e+01
5.814160559709209508e+01
5.842180610599374546e+01
5.870200661489539584e+01
5.898220712379703912e+01
5.926240763269869660e+01
5.954260814160033988e+01
5.982280865050198315e+01
6.010300915940364064e+01
6.038320966830528391e+01
6.066341017720693429e+01
6.094361068610858467e+01
6.122381119501022795e+01
6.150401170391188543e+01
6.178421221281352871e+01
6.206441272171517198e+01
6.234461323061682947e+01
6.262481373951847274e+01
6.290501424842013023e+01
6.318521475732177350e+01
6.346541526622341678e+01
6.374561577512507426e+01
6.402581628402671754e+01
6.430601679292837503e+01
6.458621730183001830e+01
6.486641781073166158e+01
6.514661831963331906e+01
6.542681882853496234e+01
6.570701933743660561e+01
6.598721984633826310e+01
6.626742035523990637e+01
6.654762086414154965e+01
6.682782137304320713e+01
6.710802188194486462e+01
6.738822239084649368e+01
6.766842289974815117e+01
6.794862340864980865e+01
6.822882391755143772e+01
6.850902442645309520e+01
6.878922493535475269e+01
6.906942544425639596e+01
6.934962595315803924e+01
6.962982646205969672e+01
6.991002697096134000e+01
7.019022747986298327e+01
7.047042798876464076e+01
7.075062849766628403e+01
7.103082900656792731e+01
7.131102951546958479e+01
7.159123002437124228e+01
7.187143053327287134e+01
7.215163104217452883e+01
7.243183155107618632e+01
7.271203205997782959e+01
7.299223256887947286e+01
7.327243307778113035e+01
7.355263358668277363e+01
7.383283409558441690e+01
7.411303460448607439e+01
7.439323511338771766e+01
7.467343562228936094e+01
7.495363613119101842e+01
7.523383664009267591e+01
7.551403714899430497e+01
7.579423765789596246e+01
7.607443816679761994e+01
7.635463867569924901e+01
7.663483918460090649e+01
7.691503969350256398e+01
7.719524020240420725e+01
7.747544071130585053e+01
7.775564122020750801e+01
7.803584172910915129e+01
7.831604223801079456e+01
7.859624274691245205e+01
7.887644325581409532e+01
7.915664376471573860e+01
7.943684427361739608e+01
7.971704478251905357e+01
7.999724529142068263e+01
8.027744580032234012e+01
8.055764630922399760e+01
8.083784681812564088e+01
8.111804732702728415e+01
8.139824783592894164e+01
8.167844834483058492e+01
8.195864885373222819e+01
8.223884936263388568e+01
8.251904987153552895e+01
8.279925038043717223e+01
8.307945088933882971e+01
8.335965139824048720e+01
8.363985190714211626e+01
8.392005241604377375e+01
8.420025292494543123e+01
8.448045343384706030e+01
8.476065394274871778e+01
8.504085445165037527e+01
8.532105496055201854e+01
8.560125546945366182e+01
8.588145597835531930e+01
8.616165648725696258e+01
8.644185699615860585e+01
8.672205750506026334e+01
8.700225801396190661e+01
8.728245852286354989e+01
8.756265903176520737e+01
8.784285954066686486e+01
8.812306004956849392e+01
8.840326055847015141e+01
8.868346106737180889e+01
8.896366157627343796e+01
8.924386208517509544e+01
8.952406259407675293e+01
8.980426310297839620e+01
9.008446361188003948e+01
9.036466412078169697e+01
9.064486462968334024e+01
9.092506513858498352e+01
9.120526564748664100e+01
9.148546615638829849e+01
9.176566666528992755e+01
9.204586717419158504e+01
9.232606768309324252e+01
9.260626819199487159e+01
9.288646870089652907e+01
9.316666920979818656e+01
9.344686971869982983e+01
9.372707022760147311e+01
9.400727073650313059e+01
9.428747124540477387e+01
9.456767175430641714e+01
9.484787226320807463e+01
9.512807277210971790e+01
9.540827328101136118e+01
9.568847378991301866e+01
9.596867429881467615e+01
9.624887480771630521e+01
9.652907531661796270e+01
9.680927582551962018e+01
9.708947633442124925e+01
9.736967684332290673e+01
9.764987735222456422e+01
9.793007786112620749e+01
9.821027837002785077e+01
9.849047887892950826e+01
9.877067938783115153e+01
9.905087989673279480e+01
9.933108040563445229e+01
9.961128091453610978e+01
9.989148142343773884e+01
1.001716819323393963e+02
1.004518824412410538e+02
1.007320829501426829e+02
1.010122834590443404e+02
1.012924839679459978e+02
1.015726844768476411e+02
1.018528849857492844e+02
1.021330854946509419e+02
1.024132860035525852e+02
1.026934865124542284e+02
1.029736870213558859e+02
1.032538875302575292e+02
1.035340880391591725e+02
1.038142885480608300e+02
1.040944890569624874e+02
1.043746895658641165e+02
1.046548900747657740e+02
1.049350905836674315e+02
1.052152910925690605e+02
1.054954916014707180e+02
1.057756921103723755e+02
1.060558926192740188e+02
1.063360931281756621e+02
1.066162936370773195e+02
1.068964941459789628e+02
1.071766946548806061e+02
1.074568951637822636e+02
1.077370956726839211e+02
1.080172961815855501e+02
1.082974966904872076e+02
1.085776971993888651e+02
1.088578977082904942e+02
1.091380982171921517e+02
1.094182987260938091e+02
1.096984992349954524e+02
1.099786997438970957e+02
1.102589002527987532e+02
1.105391007617003964e+02
1.108193012706020397e+02
1.110995017795036972e+02
1.113797022884053405e+02
1.116599027973069838e+02
